883517#
092697#
092697 883517
405393#
405393 883517
766851#
092697 766851
741526#
741526 092697
741526 766851
454217#
883517 454217
454217 405393
431688#
092697 431688
431688 405393
454217 431688
537653#
741526 537653
537653 092697
537653 405393
243043#
243043 454217
766851 243043
243043 405393
282775#
282775 883517
431688 282775
741526 282775
931409#
931409 431688
931409 537653
883517 931409
879660#
879660 431688
282775 931409
741526 931409
405393 282775
537653 879660
431688 243043
883517 243043
243043 092697
