000005:   V9%lgohpkpzsuk,   1, 000004.
000004:    T4&zorfhsdcag,   2, 000003, 000005.
000003:   Y8~odtwzzznhsy,   2, 000004, 000002.
000002:   V2!vlwuzhvqpdn,   2, 092697, 000003.
000001:   B7#jbzkrorbxpl,   1, 883517.
879660:   Y1$yqjijwfdebb,   1, 537653.
931409:  E5&nymgbebomnrk,   4, 741526, 282775, 883517, 537653.
282775:   B9*copwtdxztgp,   4, 405393, 931409, 741526, 883517.
243043:  G4!qdrulllcbsfh,   5, 092697, 883517, 405393, 766851, 454217.
537653:  E8@flcsdthnqevk,   5, 879660, 931409, 405393, 092697, 741526.
454217:  H6%bqihuizafbjh,   2, 243043, 883517.
741526: M1*pykxmpndnnztd,   5, 931409, 282775, 537653, 766851, 092697.
766851: J5~eonvexjovzxwc,   3, 243043, 741526, 092697.
405393: P9@tdytwffzclnib,   4, 282775, 243043, 537653, 883517.
092697: M3#hlajoetbkwltz,   6, 000002, 243043, 537653, 741526, 766851, 883517.
883517:         S8%obdhg,   7, 000001, 243043, 931409, 282775, 454217, 405393, 092697.
Connections of pairs of users:
1. 879660, 431688, 454217
2. 454217, 405393, 537653, 879660
3. 879660, 537653, 092697, 243043, 454217
4. 883517 and 000005 cannot be connected.
5. 883517, 000001, 000002, 000003, 000004, 000005
6. 000005, 000004, 000003, 000002, 000001, 883517, 931409, 537653, 879660
7. 000005, 000004, 000003, 000002, 092697, 537653, 879660
8. 000001, 883517, 092697, 000002, 000003, 000004, 000005
