883517#
092697#
883517 092697
405393#
766851#
092697 766851
405393 766851
741526#
741526 883517
405393 741526
454217#
454217 405393
454217 092697
454217 741526
431688#
454217 431688
092697 431688
405393 431688
537653#
537653 454217
537653 431688
405393 537653
243043#
243043 766851
243043 537653
243043 454217
282775#
282775 537653
741526 282775
282775 766851
931409#
282775 931409
741526 243043
741526 931409
879660#
879660 883517
879660 931409
092697 879660
864265#
883517 864265
864265 931409
454217 864265
143236#
537653 864265
243043 864265
143236 092697
091161#
091161 883517
243043 091161
091161 879660
059453#
059453 741526
282775 059453
883517 059453
498121#
498121 741526
059453 864265
143236 766851
472563#
282775 472563
405393 472563
537653 472563
641834#
454217 641834
879660 641834
641834 091161
308009#
092697 308009
243043 308009
143236 641834
626730#
091161 626730
308009 879660
431688 641834
196552#
883517 196552
196552 092697
454217 308009
002500#
002500 931409
626730 002500
002500 282775
945555#
945555 092697
741526 945555
641834 002500
416737#
472563 416737
864265 416737
416737 196552
973956#
196552 002500
243043 973956
879660 973956
313797#
313797 879660
313797 091161
313797 766851
386166#
386166 282775
472563 973956
196552 386166
688637#
688637 879660
386166 688637
688637 537653
172813#
172813 092697
172813 405393
172813 864265
248539#
248539 431688
248539 282775
172813 248539
165835#
165835 688637
405393 165835
172813 282775
493116#
493116 973956
493116 172813
091161 493116
563009#
563009 688637
405393 563009
282775 563009
907857#
002500 907857
907857 386166
498121 493116
241224#
241224 308009
248539 241224
241224 172813
457685#
241224 907857
973956 457685
282775 457685
662183#
563009 662183
308009 662183
662183 196552
132614#
945555 241224
172813 626730
766851 907857
849419#
059453 849419
849419 172813
766851 849419
849419 945555
405393 241224
248539 973956
431688 688637
931409 457685
563009 092697
563009 641834
416737 241224
241224 243043
143236 662183
132614 002500
165835 092697
248539 472563
662183 537653
849419 431688
662183 454217
172813 973956
059453 457685
563009 457685
931409 688637
931409 849419
243043 002500
849419 282775
431688 132614
537653 386166
626730 849419
457685 313797
973956 563009
282775 165835
493116 313797
662183 498121
864265 563009
172813 308009
248539 454217
308009 973956
741526 849419
883517 416737
059453 416737
883517 172813
907857 537653
143236 688637
931409 308009
313797 472563
002500 945555
405393 849419
416737 493116
741526 641834
907857 472563
313797 405393
416737 313797
002500 973956
688637 493116
248539 092697
849419 662183
907857 416737
973956 386166
973956 626730
641834 973956
931409 196552
849419 472563
662183 248539
386166 457685
563009 766851
454217 165835
454217 472563
849419 454217
537653 132614
563009 196552
457685 091161
641834 864265
662183 741526
431688 973956
454217 493116
498121 973956
864265 248539
662183 405393
864265 688637
454217 626730
132614 864265
907857 454217
849419 091161
945555 973956
945555 537653
196552 537653
386166 405393
741526 165835
662183 472563
472563 563009
196552 243043
308009 641834
457685 405393
248539 405393
688637 454217
849419 907857
313797 308009
766851 662183
248539 688637
002500 766851
945555 196552
059453 132614
165835 849419
493116 849419
688637 766851
662183 879660
741526 472563
241224 196552
879660 416737
416737 143236
059453 493116
416737 132614
092697 313797
766851 416737
931409 241224
431688 626730
741526 386166
143236 498121
907857 879660
092697 907857
243043 472563
243043 641834
879660 196552
282775 641834
241224 002500
741526 172813
883517 308009
931409 172813
172813 416737
002500 537653
092697 688637
493116 132614
563009 172813
282775 493116
849419 883517
172813 945555
241224 537653
308009 059453
688637 945555
132614 563009
243043 688637
879660 172813
059453 563009
688637 883517
282775 973956
172813 143236
092697 662183
537653 308009
931409 626730
165835 945555
416737 092697
002500 879660
243043 907857
431688 879660
431688 493116
386166 248539
172813 688637
243043 849419
688637 313797
282775 498121
059453 454217
405393 196552
662183 626730
243043 313797
143236 196552
248539 626730
457685 243043
849419 196552
688637 498121
493116 165835
059453 431688
741526 248539
472563 196552
313797 849419
386166 563009
626730 457685
091161 766851
766851 241224
849419 416737
243043 931409
059453 248539
493116 537653
472563 431688
243043 405393
282775 241224
879660 626730
386166 431688
243043 883517
931409 313797
243043 132614
931409 143236
907857 563009
196552 431688
493116 641834
143236 563009
002500 248539
405393 907857
472563 879660
973956 143236
092697 243043
132614 641834
416737 431688
931409 766851
386166 308009
313797 431688
454217 563009
091161 454217
688637 662183
472563 626730
243043 493116
132614 879660
143236 248539
626730 059453
563009 741526
454217 973956
002500 849419
498121 431688
002500 313797
563009 313797
143236 879660
883517 973956
498121 243043
308009 165835
091161 308009
907857 457685
313797 907857
308009 457685
907857 431688
931409 945555
973956 092697
405393 493116
626730 143236
472563 091161
454217 386166
626730 282775
563009 493116
472563 457685
493116 457685
472563 641834
641834 196552
059453 498121
849419 248539
498121 907857
172813 243043
059453 165835
165835 143236
454217 172813
416737 002500
248539 196552
457685 498121
493116 626730
248539 165835
241224 688637
313797 883517
092697 132614
472563 059453
143236 386166
931409 537653
143236 864265
864265 431688
626730 132614
741526 143236
472563 493116
907857 165835
386166 931409
172813 386166
945555 498121
092697 498121
165835 626730
883517 537653
059453 945555
626730 092697
143236 472563
563009 849419
416737 641834
091161 059453
282775 092697
282775 416737
165835 132614
002500 143236
431688 457685
563009 945555
472563 498121
662183 864265
416737 405393
537653 563009
431688 002500
248539 313797
002500 883517
313797 143236
457685 172813
431688 241224
